azeroth 5144 5456 10592 6400 11008
azeroth 4955 5360 10928 5632 11520
azeroth 5146 4352 9824 4608 11008
azeroth 4966 6064 11648 6400 11936
azeroth 214 4352 5120 7664 6640
azeroth 4706 6688 8448 7936 8960
azeroth 4815 4736 10160 6400 10768
azeroth 298 8096 9312 8704 9472
azeroth 1022 8640 9568 8704 9728
azeroth 11 8192 9312 9216 10240
azeroth 299 8576 9856 8640 10128
azeroth 150 8480 9872 8608 10080
azeroth 2365 7168 9216 8512 9472
azeroth 328 8800 9088 9024 9376
azeroth 1023 8896 9392 9056 9584
azeroth 2364 6144 12288 6912 13056
azeroth 2339 6144 13840 7424 14464
azeroth 4922 9616 9280 10752 10240
azeroth 5142 10544 9648 10640 9728
azeroth 5502 10480 9664 10496 9984
azeroth 5000 10320 9792 10512 10112
azeroth 5138 10688 9904 10752 10000
azeroth 4411 7168 12000 7696 12304
azeroth 42 8688 13184 8704 13392
azeroth 10 7888 12944 8960 13056
azeroth 41 8944 12960 9312 13312
azeroth 2161 8688 13392 8704 13536
azeroth 121 8768 13392 8848 13552
azeroth 5145 4416 10480 4864 11008
azeroth 5047 5408 10656 5648 11184
azeroth 130 6896 7424 7696 7584
azeroth 5456 7264 8352 7424 8448
azeroth 5481 7312 8448 7424 8528
azeroth 5433 7248 8496 7840 8752
azeroth 5440 7200 8544 7632 8704
azeroth 5434 7376 8576 7488 8704
azeroth 1858 9120 8672 9216 8704
azeroth 45 8800 8288 8960 8704
azeroth 320 9328 8736 9504 8784
azeroth 336 9456 8784 9504 8880
azeroth 335 9136 8864 9280 9008
azeroth 1 7168 10080 8272 11520
azeroth 133 7856 10592 7952 10720
azeroth 5178 7888 10704 8000 10752
azeroth 135 7776 10784 8016 11024
azeroth 2277 9456 6528 9472 6912
azeroth 2627 9456 6704 9472 6848
azeroth 4067 9632 6736 9680 6784
azeroth 836 9280 10096 9424 10240
azeroth 38 9296 10384 9536 10976
azeroth 837 9456 10384 9520 10464
azeroth 925 9424 10432 9472 10560
azeroth 838 9360 10448 9424 10544
azeroth 19 8672 13600 9216 14304
azeroth 33 7680 13584 9216 14336
azeroth 5712 7360 9136 7568 9344
azeroth 2 6800 12544 7168 13568
azeroth 40 7216 12800 7888 13312
azeroth 12 7328 11680 8544 12288
azeroth 5398 7632 11984 7680 12064
azeroth 85 6816 6640 8384 6912
azeroth 152 8496 7248 8576 7424
azeroth 28 8368 6656 9280 6912
azeroth 284 8224 7504 8288 7776
azeroth 172 7776 7616 7936 7680
azeroth 232 7968 7600 8160 7680
azeroth 1339 7936 7520 8208 7808
azeroth 1338 7680 7536 7808 7680
azeroth 1681 8080 7776 8224 7888
azeroth 281 8176 7744 8288 8048
azeroth 279 7936 7920 8208 8192
azeroth 2338 6400 14384 6656 14848
azeroth 5397 7776 12032 7824 12128
azeroth 5316 7824 12064 7872 12160
azeroth 1519 7616 12096 7872 12544
azeroth 5346 7712 12144 7760 12256
azeroth 5314 7760 12160 7856 12256
azeroth 5150 7856 12176 7920 12304
azeroth 5390 7712 12240 7856 12480
azeroth 5151 7744 12272 7840 12368
azeroth 351 9952 7936 9984 8048
azeroth 356 9936 7568 10240 7936
azeroth 47 9024 7520 9472 8192
azeroth 5323 10160 8016 10192 8048
azeroth 63 7936 12880 8048 13040
azeroth 57 8048 12880 8112 13056
azeroth 5176 8096 12880 8128 12912
azeroth 64 8112 12912 8208 13040
azeroth 60 7776 12688 7936 13088
azeroth 799 7824 12928 7936 13152
azeroth 5441 7584 8704 7680 8784
azeroth 5444 7520 8784 7552 8816
azeroth 5435 7328 8832 7424 9072
azeroth 4736 6960 8448 7040 8512
azeroth 134 8880 10896 8960 11040
azeroth 716 9072 10960 9232 11008
azeroth 51 8224 11104 8448 11520
azeroth 1959 9024 11152 9264 11264
azeroth 219 7232 13216 7376 13424
azeroth 919 7472 13296 7584 13312
azeroth 108 7584 13136 7776 13312
azeroth 20 7392 13392 7424 13568
azeroth 922 7632 13424 7680 13632
azeroth 920 7328 13472 7520 13728
azeroth 5143 10720 9408 10752 9472
azeroth 5682 10816 9424 11024 9584
azeroth 5609 10768 9696 10896 9824
azeroth 1000 9664 12448 9728 12544
azeroth 44 9024 12288 10240 12544
azeroth 96 9760 12624 9808 12672
azeroth 71 9680 12688 9728 12768
azeroth 5324 9824 12720 9888 12832
azeroth 997 9632 12752 9728 12960
azeroth 5115 8864 10304 9040 10752
azeroth 138 8624 10672 8704 10752
azeroth 3 9168 11072 9984 11520
azeroth 5497 10368 11296 10496 11424
azeroth 5439 10368 9456 10512 9472
azeroth 5640 10352 9568 10496 9696
azeroth 5639 10272 9600 10480 9856
azeroth 301 7344 13680 7424 14080
azeroth 104 7776 13984 7936 14080
azeroth 1578 7632 14256 7984 15008
azeroth 556 9680 10496 9728 10816
azeroth 147 10128 10816 10272 11056
azeroth 142 9968 10832 10096 11072
azeroth 9 8160 12304 8464 12576
azeroth 59 8304 12416 8448 12544
azeroth 54 8432 12544 8576 12704
azeroth 18 8224 12608 8464 12800
azeroth 87 8096 12672 8192 12784
azeroth 8 9248 12800 10128 13312
azeroth 76 9856 12912 9920 13056
azeroth 1798 9600 12960 9728 13056
azeroth 5459 9968 13024 10064 13104
azeroth 2403 10000 12032 10496 13568
azeroth 46 8320 11744 8704 12288
azeroth 2417 9360 12176 9472 12288
azeroth 996 9232 12304 9408 12464
azeroth 998 9264 12320 9312 12384
azeroth 95 9120 12384 9168 12592
azeroth 5321 9200 12432 9216 12448
azeroth 97 9408 12512 9520 12544
azeroth 139 9248 6400 9456 6912
azeroth 2037 8544 5904 9984 6400
azeroth 168 7920 6624 8208 6816
azeroth 246 8688 11376 8976 11488
azeroth 1444 8832 11520 9072 11744
azeroth 5628 8736 11568 8832 11632
azeroth 1445 8656 11648 8704 11744
azeroth 254 8576 11744 8704 12048
azeroth 2397 7936 8816 8448 8960
azeroth 896 7856 8720 7936 8880
azeroth 2400 10144 7616 11008 7936
azeroth 2401 9648 8704 10752 8960
azeroth 1617 7872 12416 7936 12544
azeroth 92 7904 12624 7936 12720
azeroth 89 7904 12720 7936 12752
azeroth 2562 9056 13440 9216 13568
azeroth 2561 9168 13328 9216 13456
azeroth 1441 9360 13552 9456 13568
azeroth 4 9216 13296 9744 14128
azeroth 73 9216 13712 9520 13872
azeroth 308 10208 6400 11520 6656
azeroth 5137 11184 9344 11264 9472
azeroth 5436 7664 9088 7680 9232
azeroth 4974 4880 11168 5072 11680
azeroth 4977 5120 11296 5392 11520
azeroth 4971 4720 11088 4864 11264
azeroth 5135 4432 11152 4880 11664
azeroth 4967 5632 11264 5904 11808
azeroth 5101 4864 10672 5120 10752
azeroth 5107 5168 10672 5280 10752
azeroth 5710 5136 10608 5360 10752
azeroth 5103 4896 10848 5120 11008
azeroth 5102 5264 10848 5408 10976
azeroth 5134 5120 10976 5248 11312
azeroth 5044 9248 13872 9584 14080
azeroth 5085 9344 14032 9408 14096
azeroth 4961 5904 10880 6224 11008
azeroth 5007 6464 11088 6592 11280
azeroth 4962 6128 11136 6400 11264
azeroth 120 7824 12752 7904 12800
azeroth 916 7664 12816 7680 12960
azeroth 107 7584 13008 7696 13152
azeroth 5174 7856 13040 7888 13072
azeroth 5096 9328 13552 9984 14336
azeroth 2297 9088 7360 9328 7680
azeroth 2298 9296 7504 9472 7680
azeroth 1882 9328 7808 9424 8048
azeroth 116 9280 12976 9472 13136
azeroth 657 9488 12992 9600 13056
azeroth 1780 9424 13136 9472 13216
azeroth 75 9680 13168 9824 13296
azeroth 34 8208 12304 8304 12384
azeroth 314 9584 8832 9728 8960
azeroth 317 9568 8912 9936 8960
azeroth 267 7936 8032 7952 8704
azeroth 278 8064 8192 8112 8272
azeroth 5604 8128 8272 8176 8320
azeroth 286 8112 8320 8192 8528
azeroth 285 7968 8416 8032 8528
azeroth 153 7936 7232 8192 7424
azeroth 36 8176 7504 8800 7936
azeroth 1682 8272 7536 8384 7728
azeroth 4546 10880 6944 11008 7424
azeroth 307 10240 7696 10624 8192
azeroth 5100 5056 11008 5088 11056
azeroth 5083 9600 14048 9680 14080
azeroth 5078 9616 13968 9856 14288
azeroth 5084 9536 14256 9632 14320
azeroth 105 8576 14048 8704 14080
azeroth 1898 9888 11232 9984 11392
azeroth 339 9984 11216 10208 11616
azeroth 5496 10000 11328 10128 11408
azeroth 918 7424 13040 7584 13056
azeroth 5290 7328 13136 7424 13232
azeroth 5462 9792 9872 9984 10224
azeroth 5473 9936 10096 10240 10640
azeroth 5563 10000 10144 10304 10240
azeroth 5615 8592 11376 8704 11520
azeroth 1957 8528 11600 8624 11712
azeroth 255 8480 11760 8576 11920
azeroth 477 8160 14560 8192 14640
azeroth 1577 7808 14320 8096 15104
azeroth 310 8320 14512 8448 14592
azeroth 302 8208 14592 8560 15344
azeroth 311 8272 14688 8384 14832
azeroth 5408 8192 14704 8256 14768
azeroth 1742 8176 14784 8192 14832
azeroth 1737 8080 14832 8176 14992
azeroth 5155 9808 9440 9984 9696
azeroth 5461 9968 9824 9984 9936
azeroth 1878 9392 11296 9472 11552
azeroth 5322 9456 11344 9776 11488
azeroth 2420 9440 11728 9728 12032
azeroth 43 7792 14976 8464 15504
azeroth 1740 8416 13872 8448 14032
azeroth 127 8496 14144 8576 14272
azeroth 128 8400 14224 8448 14320
azeroth 283 8336 7712 8448 7856
azeroth 282 8432 7792 8448 7872
azeroth 280 8544 7808 8640 7936
azeroth 1357 8384 7888 8448 8064
azeroth 35 7840 15008 8048 15104
azeroth 1017 9664 9584 9728 9728
azeroth 1025 9376 9600 9488 9728
azeroth 1038 9872 9776 9968 9936
azeroth 5472 10304 10192 10432 10240
azeroth 5471 10464 10480 10544 10496
azeroth 5667 10352 10512 10464 10608
azeroth 5503 10336 10608 10416 10688
azeroth 5584 10464 10656 10576 10752
azeroth 1741 7968 14416 8176 14688
azeroth 2177 8032 14496 8080 14560
azeroth 5677 9296 11952 9520 12176
azeroth 249 9360 11776 9520 12032
azeroth 2418 9456 12176 9568 12256
azeroth 252 8784 11792 8832 11936
azeroth 5653 8832 11856 9056 12032
azeroth 2398 6400 7424 6656 7936
azeroth 1684 8800 7728 8960 7936
azeroth 3486 8848 8128 8960 8240
azeroth 272 8544 8128 8720 8288
azeroth 5479 11104 9824 11296 10032
azeroth 318 9952 8608 9984 8704
azeroth 5317 8576 13984 8656 14048
azeroth 5425 11040 10208 11392 10240
azeroth 5140 11296 10384 11504 10640
azeroth 5305 9456 9712 9568 9728
azeroth 1020 9504 9840 9728 10080
azeroth 4975 5328 11232 5440 11360
azeroth 2625 10080 6640 10176 6656
azeroth 2276 10160 6528 10240 6656
azeroth 2275 10224 6624 10304 6656
azeroth 2624 10096 6880 10240 7056
azeroth 1678 8528 7984 8624 8128
azeroth 1679 8368 8064 8448 8256
azeroth 1036 9136 9760 9184 9872
azeroth 197 8912 7552 8960 7728
azeroth 5426 9040 7648 9072 7680
azeroth 5427 9088 7648 9136 7680
azeroth 2265 10448 7344 10496 7424
azeroth 2266 10640 7264 10752 7424
azeroth 242 8480 13040 8736 13056
azeroth 1098 8752 13088 8848 13200
azeroth 576 8880 13088 8976 13200
azeroth 801 7984 10512 8240 10752
azeroth 137 8016 10752 8080 10800
azeroth 211 8032 10592 8208 10752
azeroth 294 8400 8624 8448 8896
azeroth 305 6976 7552 7168 7936
azeroth 928 7264 7664 7440 7856
azeroth 5386 7408 7632 7488 7680
azeroth 228 7376 7888 7536 8000
azeroth 324 8864 8896 8960 9088
azeroth 327 8960 9136 9248 9216
azeroth 352 9296 8176 9408 8192
azeroth 1887 9376 8256 9488 8320
azeroth 5483 10512 10352 10720 10496
azeroth 5594 10672 10192 11008 10240
azeroth 1056 8336 8256 8448 8400
azeroth 2560 9184 13168 9232 13248
azeroth 2697 8992 13184 9040 13232
azeroth 2558 8992 13232 9152 13440
azeroth 2938 9120 13264 9168 13392
azeroth 5353 10896 9856 11008 10016
azeroth 5136 11168 9984 11472 10240
azeroth 2260 9664 7232 9808 7360
azeroth 5446 9584 7344 9680 7504
azeroth 2261 9696 7376 9824 7424
azeroth 1446 8688 11264 8704 11376
azeroth 102 7792 13696 7936 13856
azeroth 100 8144 13744 8240 13824
azeroth 5421 8832 7104 9152 7168
azeroth 200 8896 7248 8960 7360
azeroth 5367 8976 7280 9040 7344
azeroth 193 8752 7408 8960 7424
azeroth 61 7728 12608 7776 12768
azeroth 927 7616 7456 7760 7648
azeroth 295 7936 8624 8400 8848
azeroth 289 8560 8528 8720 8688
azeroth 290 8656 8656 8784 8704
azeroth 162 8128 6864 8304 6912
azeroth 459 8368 6688 8448 6912
azeroth 163 8192 6928 8256 6992
azeroth 173 8432 6928 8464 6960
azeroth 167 8352 7104 8512 7168
azeroth 1777 9344 13216 9472 13312
azeroth 1437 9424 13344 9504 13552
azeroth 5603 8672 8464 8720 8512
azeroth 271 8368 8496 8448 8688
azeroth 300 10032 12704 10256 13456
azeroth 3357 7520 13808 7600 13824
azeroth 2399 7184 6624 7616 6656
azeroth 1001 9184 12784 9552 12896
azeroth 5711 6224 10480 6400 10816
azeroth 5059 6480 10672 6656 10752
azeroth 354 9920 8256 10256 8496
azeroth 56 8656 12528 8720 12544
azeroth 86 8496 12352 8896 12544
azeroth 88 8720 12624 8960 12816
azeroth 169 7136 6624 7680 6656
azeroth 5838 6944 7136 7232 7408
azeroth 999 9568 12544 9616 12688
azeroth 70 9600 12528 9696 12544
azeroth 5325 9632 12560 9680 12592
azeroth 68 9120 12608 9216 12704
azeroth 5326 9536 12704 9568 12752
azeroth 802 8240 10576 8352 10752
azeroth 131 8384 10768 8480 10944
azeroth 136 8240 10848 8368 11024
azeroth 5077 9888 13552 10016 13568
azeroth 288 8016 8528 8176 8704
azeroth 5318 8208 14304 8336 14336
azeroth 5320 8368 14336 8416 14368
azeroth 5438 10512 9376 10672 9472
azeroth 243 7952 13104 8048 13184
azeroth 492 7952 13104 8128 13280
azeroth 1097 7824 13120 7936 13312
azeroth 94 7968 13280 8048 13376
azeroth 189 8448 10768 8544 10864
azeroth 5098 8576 10880 8688 11024
azeroth 5097 8416 10944 8480 11088
azeroth 804 8688 10912 8704 11056
azeroth 157 7616 6704 7856 6912
azeroth 164 7920 6784 7936 6896
azeroth 165 8336 7168 8512 7296
azeroth 936 9488 10816 9728 11008
azeroth 316 9472 9088 9600 9200
azeroth 321 9840 8528 9952 8704
azeroth 126 8112 13824 8192 13904
azeroth 123 8000 13920 8064 13984
azeroth 125 8128 13984 8240 14064
azeroth 5149 7952 12320 8016 12400
azeroth 202 9040 7440 9120 7536
azeroth 5079 10000 13984 10064 14032
azeroth 297 8208 15088 8368 15104
azeroth 1885 9504 8160 9584 8192
azeroth 1883 9632 8144 9792 8192
azeroth 353 9472 8272 9616 8496
azeroth 355 9680 8224 9872 8400
azeroth 803 8752 10768 8832 10912
azeroth 2258 9872 6928 10016 7104
azeroth 5595 10768 10320 10928 10720
azeroth 1057 8816 8352 8880 8704
azeroth 1857 8848 8400 8912 8704
azeroth 348 9088 7984 9264 8096
azeroth 349 9184 8000 9232 8064
azeroth 1880 9168 8128 9232 8192
azeroth 536 7952 13376 8192 13568
azeroth 93 8176 13424 8352 13552
azeroth 800 8064 11024 8208 11136
azeroth 132 7760 11056 7904 11264
azeroth 129 8224 14128 8256 14224
azeroth 5051 6320 10240 6400 10432
azeroth 4953 6336 10432 6512 10592
azeroth 5071 6512 10432 6560 10480
azeroth 5070 6496 10448 6512 10480
azeroth 315 9488 8592 9632 8704
azeroth 4917 7376 6992 7472 7120
azeroth 154 7264 7136 7456 7472
azeroth 5177 8112 10512 8224 10576
azeroth 5409 7584 12320 7760 12432
azeroth 5469 10288 6592 10400 6656
azeroth 2273 10400 6448 10512 6704
azeroth 5463 10416 6800 10528 6880
azeroth 2271 10400 6880 10560 6912
azeroth 1021 9392 10000 9472 10128
azeroth 5074 9504 10160 9536 10192
azeroth 251 9184 11776 9216 11824
azeroth 250 9056 11744 9216 12016
azeroth 2621 10272 7296 10448 7424
azeroth 5008 6032 10688 6384 11008
azeroth 146 9664 10384 9920 10512
azeroth 149 9520 10416 9632 10624
azeroth 5052 6192 10240 6336 10480
azeroth 1440 9824 13600 9856 13632
azeroth 72 9568 13744 9776 13968
azeroth 2279 9712 6544 9920 6656
azeroth 213 7632 7984 7680 8064
azeroth 233 7632 8144 7680 8192
azeroth 1739 7808 14512 7888 14720
azeroth 5424 11184 10496 11264 10688
azeroth 5139 10240 9824 10320 9904
azeroth 5641 10304 9952 10448 10096
azeroth 69 9136 12576 9216 12640
azeroth 5089 5872 11344 5888 11520
azeroth 5173 5952 11664 6064 11728
azeroth 350 9440 7968 9472 8080
azeroth 1024 8720 9504 8960 9776
azeroth 5731 9104 9728 9168 9760
azeroth 118 8992 9760 9072 9968
azeroth 247 8976 11536 9088 11616
azeroth 5592 9328 11264 9392 11376
azeroth 340 9200 11328 9216 11440
azeroth 5565 9280 11376 9440 11520
azeroth 245 8384 13440 8480 13568
azeroth 5437 10432 9376 10512 9440
azeroth 198 9280 7040 9408 7168
azeroth 2620 9280 6816 9328 6912
azeroth 2619 9328 6816 9424 6912
azeroth 5411 9280 7200 9408 7264
azeroth 201 9232 7328 9296 7424
azeroth 99 8256 13600 8320 13664
azeroth 5443 7296 8752 7344 8800
azeroth 5654 9056 11968 9152 12032
azeroth 811 7584 7152 7680 7168
azeroth 4915 7488 7264 7600 7392
azeroth 5692 7344 7328 7424 7424
azeroth 103 8464 14336 8592 14496
azeroth 5488 10880 9968 10992 10080
azeroth 143 9968 10464 10112 10672
azeroth 1917 10240 8096 10336 8176
azeroth 2623 10144 7136 10240 7168
azeroth 2263 9920 7248 9984 7344
azeroth 2262 9856 7376 9984 7424
azeroth 5699 9600 9408 9728 9616
azeroth 226 7200 7536 7296 7664
azeroth 1778 10128 13056 10240 13312
azeroth 74 9936 13088 10096 13296
azeroth 333 9696 8528 9728 8624
azeroth 144 9584 10704 9648 10864
azeroth 159 7936 7008 8096 7152
azeroth 166 7840 7136 7952 7216
azeroth 807 9136 10688 9280 10832
azeroth 5114 9104 10832 9120 10848
azeroth 212 9040 10848 9248 10992
azeroth 5480 7488 8512 7584 8608
azeroth 856 8304 13104 8432 13312
azeroth 797 8208 12912 8240 13024
azeroth 1897 9680 11072 9728 11200
azeroth 341 9904 11168 10032 11232
azeroth 338 9648 11216 9744 11344
azeroth 346 9776 11232 9872 11328
azeroth 3317 10320 8416 10480 8528
azeroth 2270 10704 6784 11072 6912
azeroth 810 7744 7072 7840 7168
azeroth 4921 7776 7280 7920 7360
azeroth 924 9328 10912 9520 11008
azeroth 923 9488 10928 9632 11008
azeroth 4544 10768 6944 10944 7136
azeroth 2268 10688 7008 10752 7168
azeroth 5428 7968 12112 8016 12160
azeroth 1797 9952 13312 10032 13520
azeroth 1457 9696 13392 9728 13440
azeroth 1438 9648 13392 9696 13536
azeroth 5076 9648 13408 9728 13520
azeroth 313 9104 8464 9216 8656
azeroth 4916 7680 7088 7744 7152
azeroth 91 8464 12704 8592 12800
azeroth 62 8512 12816 8704 12976
azeroth 275 8736 8272 8960 8448
azeroth 334 8992 8544 9072 8656
azeroth 5121 8944 8624 8960 8672
azeroth 5629 9056 11472 9104 11520
azeroth 306 7152 8032 7312 8192
azeroth 227 7552 7696 7696 7776
azeroth 237 7568 7776 7696 7920
azeroth 155 7280 7168 7360 7248
azeroth 4963 5904 11120 6144 11264
azeroth 5652 8848 12032 8960 12208
azeroth 2563 9040 13472 9088 13536
azeroth 345 9744 11520 9808 11600
azeroth 3197 8848 7712 8944 7776
azeroth 5392 8800 7280 8864 7328
azeroth 199 8720 7296 8784 7392
azeroth 921 7264 13472 7392 13568
azeroth 115 7184 13632 7312 13728
azeroth 2517 9504 13504 9632 13568
azeroth 5086 9472 13648 9504 13680
azeroth 1439 9520 13664 9584 13760
azeroth 5387 7520 8192 7632 8432
azeroth 236 7344 8240 7424 8336
azeroth 204 7392 8336 7424 8416
azeroth 5477 7440 8352 7456 8368
azeroth 5476 7456 8368 7472 8384
azeroth 98 9120 12480 9168 12544
azeroth 37 8320 13840 8400 14016
azeroth 1760 8400 13904 8432 13952
azeroth 231 7712 8336 7824 8432
azeroth 161 8496 6752 8528 6832
azeroth 160 8512 6816 8576 6880
azeroth 812 8512 6864 8768 6912
azeroth 1037 9760 10080 9872 10304
azeroth 1018 8704 9808 8912 9984
azeroth 4968 5600 11648 5632 11744
azeroth 5054 6512 10512 6656 10624
azeroth 5030 6352 10496 6400 10560
azeroth 5053 6416 10544 6512 10672
azeroth 5055 6512 10608 6656 10688
azeroth 1978 10128 13376 10160 13440
azeroth 5448 10288 7072 10368 7152
azeroth 2264 10288 7104 10400 7296
azeroth 1039 8592 9488 8656 9680
azeroth 5304 8880 9552 8928 9584
azeroth 309 9200 9472 9296 9632
azeroth 5478 7408 8368 7424 8384
azeroth 917 7712 13312 7808 13424
azeroth 880 9328 9264 9424 9328
azeroth 881 9328 9328 9424 9408
azeroth 205 9264 9408 9424 9504
azeroth 5464 9984 7440 10096 7568
azeroth 813 8576 7328 8608 7408
azeroth 2622 10560 7056 10688 7168
azeroth 5718 10336 12944 10416 13008
azeroth 229 7392 8000 7536 8160
azeroth 2269 10624 6912 10704 7056
azeroth 1002 9008 12720 9200 12800
azeroth 1738 7968 14784 8032 14880
azeroth 1683 8208 8016 8368 8160
azeroth 1677 8192 8144 8256 8272
azeroth 1680 8288 8160 8368 8336
azeroth 113 7232 13136 7312 13232
azeroth 5082 9824 13984 9872 14032
azeroth 2272 10496 6656 10704 6848
azeroth 156 7472 7040 7648 7120
azeroth 4918 8576 6928 8656 7008
azeroth 117 8032 14096 8144 14192
azeroth 312 7808 14960 7840 15040
azeroth 192 8832 6912 9056 7104
azeroth 190 8800 6672 8960 6896
azeroth 5422 9104 6880 9152 6912
azeroth 5713 7056 9248 7120 9344
azeroth 5369 7632 7472 7744 7568
azeroth 239 7536 7520 7616 7632
azeroth 122 7696 13744 7824 13888
azeroth 5460 9760 13056 9936 13232
azeroth 808 9136 10512 9216 10688
azeroth 5458 10032 12848 10080 12912
azeroth 5650 8624 12112 8704 12256
azeroth 1442 8528 11264 8592 11488
azeroth 5485 10496 10080 10560 10240
azeroth 5627 10512 10240 10640 10320
azeroth 5489 10560 10144 10720 10240
azeroth 5484 10512 10320 10576 10368
azeroth 5487 10496 10400 10592 10496
azeroth 5486 10592 10400 10656 10464
azeroth 1879 9232 11520 9376 11600
azeroth 5564 9376 11520 9456 11600
azeroth 344 9232 11600 9392 11776
azeroth 347 9248 11664 9328 11744
azeroth 5724 9760 10512 9888 10608
azeroth 101 8448 13664 8528 13808
azeroth 4919 8128 7200 8192 7232
azeroth 5714 7424 9344 7552 9408
azeroth 5493 10752 10000 10832 10192
azeroth 5141 10832 10160 10928 10240
azeroth 5611 10784 10192 10832 10224
azeroth 5442 7680 8752 7712 8784
azeroth 5470 10432 10176 10496 10240
azeroth 1016 9472 9472 9696 9728
azeroth 5519 10048 11536 10096 11584
azeroth 806 9280 10768 9376 10928
azeroth 805 9280 10848 9312 10944
azeroth 839 9376 10864 9424 10944
azeroth 109 7536 12848 7584 13024
azeroth 111 7424 12864 7552 13008
azeroth 1884 9728 7936 9776 8064
azeroth 1886 9808 8096 9904 8176
azeroth 2419 9600 11808 9680 11904
azeroth 809 8528 10576 8624 10688
azeroth 5148 7856 12384 7920 12464
azeroth 5154 7712 12448 7808 12528
azeroth 5527 10624 10160 10688 10224
azeroth 241 8544 13392 8688 13536
azeroth 798 8784 12832 8896 12944
azeroth 1881 9408 8048 9472 8112
azeroth 5651 8656 12048 8704 12096
azeroth 4837 7904 11232 7936 11264
azeroth 5080 9904 14096 9952 14176
azeroth 5081 9792 14128 9856 14192
azeroth 5525 9792 11328 9856 11392
azeroth 5526 9824 11408 9856 11504
azeroth 5524 9856 11488 9888 11520
